mistake_correction:
  accuracy: 0.07584830339321358
mistake_location:
  f1_macro: 0.1020588178829037
  f1_micro: 0.18013972055888225
  f1_weighted: 0.15619337315780266
pedagogy_following_hard:
  match: 0.7431192660550459
pedagogy_following:
  match: 0.8417391304347827
problem_solving:
  accuracy_flexible-extract: 0.5670962850644428
  accuracy_strict-match: 0.5670962850644428
problem_solving:
  accuracy_flexible-extract: 0.6489764973464746
  accuracy_strict-match: 0.6489764973464746
socratic_questioning:
  avg_questions: 1.0
  bleu: 0.353999557040648
solution_correctness:
  accuracy: 0.5818363273453094
  f1: 0.3317384370015949
  precision: 0.8253968253968254
  recall: 0.20758483033932135
scaffolding_generation:
  match: 0.5452173913043479
scaffolding_generation_hard:
  match: 0.4801223241590214
